
A =

    16     4     3     0
     9    20     5     1
    34    16     7     8


B =

    23     1     0     5
     9     8    16     7
    34    12     3     2


c =

     7


D =

     0
     1
     8


E =

    23     1     0     5
    34    12     3     2


F =

    16     4     3     0
     9    20     5     1
    34    16     7     8
    23     1     0     5
     9     8    16     7
    34    12     3     2


G =

     9    20     5     1
    34    16     7     8


P1 =

     1     2     3     4


P2 =

     2     5     9     6


x1 =

     1


a =

     2


b =

     5


c =

     9


d =

     6


cube =

    22


ans =

    22


a =

     1


b =

     2


c =

     3


d =

     4


cube =

    10


ans =

    10

Enter a number:88

x =

    88


y =

    58


z =

     1


D =

     0
     1
     8


E =

    23     1     0     5
    34    12     3     2


F =

    16     4     3     0
     9    20     5     1
    34    16     7     8
    23     1     0     5
     9     8    16     7
    34    12     3     2


G =

     9    20     5     1
    34    16     7     8


P1 =

     1     2     3     4


P2 =

     2     5     9     6


x1 =

     1


a =

     2


b =

     5


c =

     9


d =

     6


cube =

    22


ans =

    22


a =

     1


b =

     2


c =

     3


d =

     4


cube =

    10


ans =

    10

Enter a number:8

x =

     8


y =

   -22


z =

     1


A =

    16     4     3     0
     9    20     5     1
    34    16     7     8


B =

    23     1     0     5
     9     8    16     7
    34    12     3     2


D =

     0
     1
     8


E =

    23     1     0     5
    34    12     3     2


F =

    16     4     3     0
     9    20     5     1
    34    16     7     8
    23     1     0     5
     9     8    16     7
    34    12     3     2


G =

     9    20     5     1
    34    16     7     8


a =

     2


b =

     5


c =

     9


d =

     6


cube =

    22


ans =

    22


a =

     1


b =

     2


c =

     3


d =

     4


cube =

    10


ans =

    10

Enter a number:9

x =

     9


y =

   -21


z =

     1


A =

    16     4     3     0
     9    20     5     1
    34    16     7     8


B =

    23     1     0     5
     9     8    16     7
    34    12     3     2


D =

     0
     1
     8


E =

    23     1     0     5
    34    12     3     2


F =

    16     4     3     0
     9    20     5     1
    34    16     7     8
    23     1     0     5
     9     8    16     7
    34    12     3     2


G =

     9    20     5     1
    34    16     7     8


a =

     2


b =

     5


c =

     9


d =

     6


cube =

    22


ans =

    22


a =

     1


b =

     2


c =

     3


d =

     4


cube =

    10


ans =

    10

Enter a number:88

x =

    88


y =

    58


z =

     1


z =

  242.2664


z =

  220.0000


A =

    16     4     3     0
     9    20     5     1
    34    16     7     8


B =

    23     1     0     5
     9     8    16     7
    34    12     3     2


D =

     0
     1
     8


E =

    23     1     0     5
    34    12     3     2


F =

    16     4     3     0
     9    20     5     1
    34    16     7     8
    23     1     0     5
     9     8    16     7
    34    12     3     2


G =

     9    20     5     1
    34    16     7     8


a =

     2


b =

     5


c =

     9


d =

     6


cube =

    22


ans =

    22


a =

     1


b =

     2


c =

     3


d =

     4


cube =

    10


ans =

    10

Enter a number:88

x =

    88


y =

    58


z =

     1


z =

  242.2664


z =

   45.3592


A =

    16     4     3     0
     9    20     5     1
    34    16     7     8


B =

    23     1     0     5
     9     8    16     7
    34    12     3     2


D =

     0
     1
     8


E =

    23     1     0     5
    34    12     3     2


F =

    16     4     3     0
     9    20     5     1
    34    16     7     8
    23     1     0     5
     9     8    16     7
    34    12     3     2


G =

     9    20     5     1
    34    16     7     8


a =

     2


b =

     5


c =

     9


d =

     6


cube =

    22


ans =

    22


a =

     1


b =

     2


c =

     3


d =

     4


cube =

    10


ans =

    10

Enter a number:88

x =

    88


y =

    58


z =

     1


z =

  242.2664


z =

   45.3592


A =

    16     4     3     0
     9    20     5     1
    34    16     7     8


B =

    23     1     0     5
     9     8    16     7
    34    12     3     2


D =

     0
     1
     8


E =

    23     1     0     5
    34    12     3     2


F =

    16     4     3     0
     9    20     5     1
    34    16     7     8
    23     1     0     5
     9     8    16     7
    34    12     3     2


G =

     9    20     5     1
    34    16     7     8


a =

     2


b =

     5


c =

     9


d =

     6


cube =

    22


ans =

    22


a =

     1


b =

     2


c =

     3


d =

     4


cube =

    10


ans =

    10

Enter a number:99

x =

    99


y =

    69


z =

     1


z =

  242.2664


z =

   45.3592


z =

     0


z =

    0.9144


z =

     []


A =

    16     4     3     0
     9    20     5     1
    34    16     7     8


B =

    23     1     0     5
     9     8    16     7
    34    12     3     2


D =

     0
     1
     8


E =

    23     1     0     5
    34    12     3     2


F =

    16     4     3     0
     9    20     5     1
    34    16     7     8
    23     1     0     5
     9     8    16     7
    34    12     3     2


G =

     9    20     5     1
    34    16     7     8


a =

     2


b =

     5


c =

     9


d =

     6


cube =

    22


ans =

    22


a =

     1


b =

     2


c =

     3


d =

     4


cube =

    10


ans =

    10

Enter a number:9

x =

     9


y =

   -21


z =

     1


z =

  242.2664


z =

   45.3592


z =

     0


z =

    0.9144

Please input correct flag.

z =

     []


A =

    16     4     3     0
     9    20     5     1
    34    16     7     8


B =

    23     1     0     5
     9     8    16     7
    34    12     3     2


D =

     0
     1
     8


E =

    23     1     0     5
    34    12     3     2


F =

    16     4     3     0
     9    20     5     1
    34    16     7     8
    23     1     0     5
     9     8    16     7
    34    12     3     2


G =

     9    20     5     1
    34    16     7     8


a =

     2


b =

     5


c =

     9


d =

     6


cube =

    22


ans =

    22


a =

     1


b =

     2


c =

     3


d =

     4


cube =

    10


ans =

    10

Enter a number:80

x =

    80


y =

    50


z =

     1


z =

  242.2664


z =

   45.3592


z =

     0


z =

    0.9144

Please input correct flag.

z =

     []


h =

     0     0


A =

    16     4     3     0
     9    20     5     1
    34    16     7     8


B =

    23     1     0     5
     9     8    16     7
    34    12     3     2


D =

     0
     1
     8


E =

    23     1     0     5
    34    12     3     2


F =

    16     4     3     0
     9    20     5     1
    34    16     7     8
    23     1     0     5
     9     8    16     7
    34    12     3     2


G =

     9    20     5     1
    34    16     7     8


a =

     2


b =

     5


c =

     9


d =

     6


cube =

    22


ans =

    22


a =

     1


b =

     2


c =

     3


d =

     4


cube =

    10


ans =

    10

Enter a number:0

x =

     0


y =

   -30


z =

     0


z =

  242.2664


z =

   45.3592


z =

     0


z =

    0.9144

Please input correct flag.

z =

     []


h =

     0     0


A =

    16     4     3     0
     9    20     5     1
    34    16     7     8


B =

    23     1     0     5
     9     8    16     7
    34    12     3     2


D =

     0
     1
     8


E =

    23     1     0     5
    34    12     3     2


F =

    16     4     3     0
     9    20     5     1
    34    16     7     8
    23     1     0     5
     9     8    16     7
    34    12     3     2


