
A =

    16     4     3     0
     9    20     5     1
    34    16     7     8


B =

    23     1     0     5
     9     8    16     7
    34    12     3     2


C =

     7


D =

     0
     1
     8


E =

    23     1     0     5
    34    12     3     2


F =

    16     4     3     0
     9    20     5     1
    34    16     7     8
    23     1     0     5
     9     8    16     7
    34    12     3     2


E =

    23     1     0     5
    34    12    20     2


B =

     0     0     0     0
     9     8    16     7
    34    12     3     2


F =

    16     4     0     0
     9    20     5     1
    34    16     7     8
    23     1     0     5
     9     8    16     7
    34    12     3     2


F =

    16     4     0     0
     9    20     1     1
    34    16     7     8
    23     1     0     5
     9     8    16     7
    34    12     3     2


F =

    16     4     0     0
     9    20     1     1
    34    16     2     8
    23     1     0     5
     9     8    16     7
    34    12     3     2


F =

    16     4     0     0
     9    20     1     1
    34    16     2     8
    23     1     3     5
     9     8    16     7
    34    12     3     2


F =

    16     4     0     0
     9    20     1     1
    34    16     2     8
    23     1     3     5
     9     8     4     7
    34    12     3     2


F =

    16     4     0     0
     9    20     1     1
    34    16     2     8
    23     1     3     5
     9     8     4     7
    34    12     5     2


a =

     2


b =

     5


c =

     9


d =

     6


cube =

    22


ans =

    22


a =

     1


b =

     2


c =

     3


d =

     4


cube =

    10


ans =

    10

Enter a number:8

x =

     8


y =

   -22


z =

     1


z =

  242.2664


z =

   45.3592


z =

     0


z =

    0.9144

Please input correct flag.

z =

     []


h =

     1    16


h =

     3    24


h =

     3    24


s =

     1    30


A =

    16     4     3     0
     9    20     5     1
    34    16     7     8


B =

    23     1     0     5
     9     8    16     7
    34    12     3     2


C =

     7


D =

     0
     1
     8


E =

    23     1     0     5
    34    12     3     2


F =

    16     4     3     0
     9    20     5     1
    34    16     7     8
    23     1     0     5
     9     8    16     7
    34    12     3     2


E =

    23     1     0     5
    34    12    20     2


B =

     0     0     0     0
     9     8    16     7
    34    12     3     2


F =

    16     4     0     0
     9    20     5     1
    34    16     7     8
    23     1     0     5
     9     8    16     7
    34    12     3     2


F =

    16     4     0     0
     9    20     1     1
    34    16     7     8
    23     1     0     5
     9     8    16     7
    34    12     3     2


F =

    16     4     0     0
     9    20     1     1
    34    16     2     8
    23     1     0     5
     9     8    16     7
    34    12     3     2


F =

    16     4     0     0
     9    20     1     1
    34    16     2     8
    23     1     3     5
     9     8    16     7
    34    12     3     2


F =

    16     4     0     0
     9    20     1     1
    34    16     2     8
    23     1     3     5
     9     8     4     7
    34    12     3     2


F =

    16     4     0     0
     9    20     1     1
    34    16     2     8
    23     1     3     5
     9     8     4     7
    34    12     5     2


a =

     2


b =

     5


c =

     9


d =

     6


cube =

    22


ans =

    22


a =

     1


b =

     2


c =

     3


d =

     4


cube =

    10


ans =

    10

Enter a number:8

x =

     8


y =

   -22


z =

     1


z =

  242.2664


z =

   45.3592


z =

     0


z =

    0.9144

Please input correct flag.

z =

     []


h =

     1    16


h =

     3    24


h =

     3    24


h =

     3    24


h =

     2    16


s =

     1    30

